1000
5 3413
5 6826
5 10239
5 13652
5 17065
5 20478
5 23891
5 27304
5 30717
5 34130
5 37543
5 40956
5 44369
5 47782
5 51195
5 54608
5 58021
5 61434
5 64847
5 68260
5 71673
5 75086
5 78499
5 81912
5 85325
5 88738
5 92151
5 95564
5 98977
5 102390
5 105803
5 109216
5 112629
5 116042
5 119455
5 122868
5 126281
5 129694
5 133107
5 136520
5 139933
5 143346
5 146759
5 150172
5 153585
5 156998
5 160411
5 163824
5 167237
5 170650
5 174063
5 177476
5 180889
5 184302
5 187715
5 191128
5 194541
5 197954
5 201367
5 204780
5 208193
5 211606
5 215019
5 218432
5 221845
5 225258
5 228671
5 232084
5 235497
5 238910
5 242323
5 245736
5 249149
5 252562
5 255975
5 259388
5 262801
5 266214
5 269627
5 273040
5 276453
5 279866
5 283279
5 286692
5 290105
5 293518
5 296931
5 300344
5 303757
5 307170
5 310583
5 313996
5 317409
5 320822
5 324235
5 327648
5 331061
5 334474
5 337887
5 341300
5 344713
5 348126
5 351539
5 354952
5 358365
5 361778
5 365191
5 368604
5 372017
5 375430
5 378843
5 382256
5 385669
5 389082
5 392495
5 395908
5 399321
5 402734
5 406147
5 409560
5 412973
5 416386
5 419799
5 423212
5 426625
5 430038
5 433451
5 436864
5 440277
5 443690
5 447103
5 450516
5 453929
5 457342
5 460755
5 464168
5 467581
5 470994
5 474407
5 477820
5 481233
5 484646
5 488059
5 491472
5 494885
5 498298
5 501711
5 505124
5 508537
5 511950
5 515363
5 518776
5 522189
5 525602
5 529015
5 532428
5 535841
5 539254
5 542667
5 546080
5 549493
5 552906
5 556319
5 559732
5 563145
5 566558
5 569971
5 573384
5 576797
5 580210
5 583623
5 587036
5 590449
5 593862
5 597275
5 600688
5 604101
5 607514
5 610927
5 614340
5 617753
5 621166
5 624579
5 627992
5 631405
5 634818
5 638231
5 641644
5 645057
5 648470
5 651883
5 655296
5 658709
5 662122
5 665535
5 668948
5 672361
5 675774
5 679187
5 682600
5 686013
5 689426
5 692839
5 696252
5 699665
5 703078
5 706491
5 709904
5 713317
5 716730
5 720143
5 723556
5 726969
5 730382
5 733795
5 737208
5 740621
5 744034
5 747447
5 750860
5 754273
5 757686
5 761099
5 764512
5 767925
5 771338
5 774751
5 778164
5 781577
5 784990
5 788403
5 791816
5 795229
5 798642
5 802055
5 805468
5 808881
5 812294
5 815707
5 819120
5 822533
5 825946
5 829359
5 832772
5 836185
5 839598
5 843011
5 846424
5 849837
5 853250
5 856663
5 860076
5 863489
5 866902
5 870315
5 873728
5 877141
5 880554
5 883967
5 887380
5 890793
5 894206
5 897619
5 901032
5 904445
5 907858
5 911271
5 914684
5 918097
5 921510
5 924923
5 928336
5 931749
5 935162
5 938575
5 941988
5 945401
5 948814
5 952227
5 955640
5 959053
5 962466
5 965879
5 969292
5 972705
5 976118
5 979531
5 982944
5 986357
5 989770
5 993183
5 996596
5 1000009
5 1003422
5 1006835
5 1010248
5 1013661
5 1017074
5 1020487
5 1023900
5 1027313
5 1030726
5 1034139
5 1037552
5 1040965
5 1044378
5 1047791
5 1051204
5 1054617
5 1058030
5 1061443
5 1064856
5 1068269
5 1071682
5 1075095
5 1078508
5 1081921
5 1085334
5 1088747
5 1092160
5 1095573
5 1098986
5 1102399
5 1105812
5 1109225
5 1112638
5 1116051
5 1119464
5 1122877
5 1126290
5 1129703
5 1133116
5 1136529
5 1139942
5 1143355
5 1146768
5 1150181
5 1153594
5 1157007
5 1160420
5 1163833
5 1167246
5 1170659
5 1174072
5 1177485
5 1180898
5 1184311
5 1187724
5 1191137
5 1194550
5 1197963
5 1201376
5 1204789
5 1208202
5 1211615
5 1215028
5 1218441
5 1221854
5 1225267
5 1228680
5 1232093
5 1235506
5 1238919
5 1242332
5 1245745
5 1249158
5 1252571
5 1255984
5 1259397
5 1262810
5 1266223
5 1269636
5 1273049
5 1276462
5 1279875
5 1283288
5 1286701
5 1290114
5 1293527
5 1296940
5 1300353
5 1303766
5 1307179
5 1310592
5 1314005
5 1317418
5 1320831
5 1324244
5 1327657
5 1331070
5 1334483
5 1337896
5 1341309
5 1344722
5 1348135
5 1351548
5 1354961
5 1358374
5 1361787
5 1365200
5 1368613
5 1372026
5 1375439
5 1378852
5 1382265
5 1385678
5 1389091
5 1392504
5 1395917
5 1399330
5 1402743
5 1406156
5 1409569
5 1412982
5 1416395
5 1419808
5 1423221
5 1426634
5 1430047
5 1433460
5 1436873
5 1440286
5 1443699
5 1447112
5 1450525
5 1453938
5 1457351
5 1460764
5 1464177
5 1467590
5 1471003
5 1474416
5 1477829
5 1481242
5 1484655
5 1488068
5 1491481
5 1494894
5 1498307
5 1501720
5 1505133
5 1508546
5 1511959
5 1515372
5 1518785
5 1522198
5 1525611
5 1529024
5 1532437
5 1535850
5 1539263
5 1542676
5 1546089
5 1549502
5 1552915
5 1556328
5 1559741
5 1563154
5 1566567
5 1569980
5 1573393
5 1576806
5 1580219
5 1583632
5 1587045
5 1590458
5 1593871
5 1597284
5 1600697
5 1604110
5 1607523
5 1610936
5 1614349
5 1617762
5 1621175
5 1624588
5 1628001
5 1631414
5 1634827
5 1638240
5 1641653
5 1645066
5 1648479
5 1651892
5 1655305
5 1658718
5 1662131
5 1665544
5 1668957
5 1672370
5 1675783
5 1679196
5 1682609
5 1686022
5 1689435
5 1692848
5 1696261
5 1699674
5 1703087
5 1706500
5 1709913
5 1713326
5 1716739
5 1720152
5 1723565
5 1726978
5 1730391
5 1733804
5 1737217
5 1740630
5 1744043
5 1747456
5 1750869
5 1754282
5 1757695
5 1761108
5 1764521
5 1767934
5 1771347
5 1774760
5 1778173
5 1781586
5 1784999
5 1788412
5 1791825
5 1795238
5 1798651
5 1802064
5 1805477
5 1808890
5 1812303
5 1815716
5 1819129
5 1822542
5 1825955
5 1829368
5 1832781
5 1836194
5 1839607
5 1843020
5 1846433
5 1849846
5 1853259
5 1856672
5 1860085
5 1863498
5 1866911
5 1870324
5 1873737
5 1877150
5 1880563
5 1883976
5 1887389
5 1890802
5 1894215
5 1897628
5 1901041
5 1904454
5 1907867
5 1911280
5 1914693
5 1918106
5 1921519
5 1924932
5 1928345
5 1931758
5 1935171
5 1938584
5 1941997
5 1945410
5 1948823
5 1952236
5 1955649
5 1959062
5 1962475
5 1965888
5 1969301
5 1972714
5 1976127
5 1979540
5 1982953
5 1986366
5 1989779
5 1993192
5 1996605
5 2000018
5 2003431
5 2006844
5 2010257
5 2013670
5 2017083
5 2020496
5 2023909
5 2027322
5 2030735
5 2034148
5 2037561
5 2040974
5 2044387
5 2047800
5 2051213
5 2054626
5 2058039
5 2061452
5 2064865
5 2068278
5 2071691
5 2075104
5 2078517
5 2081930
5 2085343
5 2088756
5 2092169
5 2095582
5 2098995
5 2102408
5 2105821
5 2109234
5 2112647
5 2116060
5 2119473
5 2122886
5 2126299
5 2129712
5 2133125
5 2136538
5 2139951
5 2143364
5 2146777
5 2150190
5 2153603
5 2157016
5 2160429
5 2163842
5 2167255
5 2170668
5 2174081
5 2177494
5 2180907
5 2184320
5 2187733
5 2191146
5 2194559
5 2197972
5 2201385
5 2204798
5 2208211
5 2211624
5 2215037
5 2218450
5 2221863
5 2225276
5 2228689
5 2232102
5 2235515
5 2238928
5 2242341
5 2245754
5 2249167
5 2252580
5 2255993
5 2259406
5 2262819
5 2266232
5 2269645
5 2273058
5 2276471
5 2279884
5 2283297
5 2286710
5 2290123
5 2293536
5 2296949
5 2300362
5 2303775
5 2307188
5 2310601
5 2314014
5 2317427
5 2320840
5 2324253
5 2327666
5 2331079
5 2334492
5 2337905
5 2341318
5 2344731
5 2348144
5 2351557
5 2354970
5 2358383
5 2361796
5 2365209
5 2368622
5 2372035
5 2375448
5 2378861
5 2382274
5 2385687
5 2389100
5 2392513
5 2395926
5 2399339
5 2402752
5 2406165
5 2409578
5 2412991
5 2416404
5 2419817
5 2423230
5 2426643
5 2430056
5 2433469
5 2436882
5 2440295
5 2443708
5 2447121
5 2450534
5 2453947
5 2457360
5 2460773
5 2464186
5 2467599
5 2471012
5 2474425
5 2477838
5 2481251
5 2484664
5 2488077
5 2491490
5 2494903
5 2498316
5 2501729
5 2505142
5 2508555
5 2511968
5 2515381
5 2518794
5 2522207
5 2525620
5 2529033
5 2532446
5 2535859
5 2539272
5 2542685
5 2546098
5 2549511
5 2552924
5 2556337
5 2559750
5 2563163
5 2566576
5 2569989
5 2573402
5 2576815
5 2580228
5 2583641
5 2587054
5 2590467
5 2593880
5 2597293
5 2600706
5 2604119
5 2607532
5 2610945
5 2614358
5 2617771
5 2621184
5 2624597
5 2628010
5 2631423
5 2634836
5 2638249
5 2641662
5 2645075
5 2648488
5 2651901
5 2655314
5 2658727
5 2662140
5 2665553
5 2668966
5 2672379
5 2675792
5 2679205
5 2682618
5 2686031
5 2689444
5 2692857
5 2696270
5 2699683
5 2703096
5 2706509
5 2709922
5 2713335
5 2716748
5 2720161
5 2723574
5 2726987
5 2730400
5 2733813
5 2737226
5 2740639
5 2744052
5 2747465
5 2750878
5 2754291
5 2757704
5 2761117
5 2764530
5 2767943
5 2771356
5 2774769
5 2778182
5 2781595
5 2785008
5 2788421
5 2791834
5 2795247
5 2798660
5 2802073
5 2805486
5 2808899
5 2812312
5 2815725
5 2819138
5 2822551
5 2825964
5 2829377
5 2832790
5 2836203
5 2839616
5 2843029
5 2846442
5 2849855
5 2853268
5 2856681
5 2860094
5 2863507
5 2866920
5 2870333
5 2873746
5 2877159
5 2880572
5 2883985
5 2887398
5 2890811
5 2894224
5 2897637
5 2901050
5 2904463
5 2907876
5 2911289
5 2914702
5 2918115
5 2921528
5 2924941
5 2928354
5 2931767
5 2935180
5 2938593
5 2942006
5 2945419
5 2948832
5 2952245
5 2955658
5 2959071
5 2962484
5 2965897
5 2969310
5 2972723
5 2976136
5 2979549
5 2982962
5 2986375
5 2989788
5 2993201
5 2996614
5 3000027
5 3003440
5 3006853
5 3010266
5 3013679
5 3017092
5 3020505
5 3023918
5 3027331
5 3030744
5 3034157
5 3037570
5 3040983
5 3044396
5 3047809
5 3051222
5 3054635
5 3058048
5 3061461
5 3064874
5 3068287
5 3071700
5 3075113
5 3078526
5 3081939
5 3085352
5 3088765
5 3092178
5 3095591
5 3099004
5 3102417
5 3105830
5 3109243
5 3112656
5 3116069
5 3119482
5 3122895
5 3126308
5 3129721
5 3133134
5 3136547
5 3139960
5 3143373
5 3146786
5 3150199
5 3153612
5 3157025
5 3160438
5 3163851
5 3167264
5 3170677
5 3174090
5 3177503
5 3180916
5 3184329
5 3187742
5 3191155
5 3194568
5 3197981
5 3201394
5 3204807
5 3208220
5 3211633
5 3215046
5 3218459
5 3221872
5 3225285
5 3228698
5 3232111
5 3235524
5 3238937
5 3242350
5 3245763
5 3249176
5 3252589
5 3256002
5 3259415
5 3262828
5 3266241
5 3269654
5 3273067
5 3276480
5 3279893
5 3283306
5 3286719
5 3290132
5 3293545
5 3296958
5 3300371
5 3303784
5 3307197
5 3310610
5 3314023
5 3317436
5 3320849
5 3324262
5 3327675
5 3331088
5 3334501
5 3337914
5 3341327
5 3344740
5 3348153
5 3351566
5 3354979
5 3358392
5 3361805
5 3365218
5 3368631
5 3372044
5 3375457
5 3378870
5 3382283
5 3385696
5 3389109
5 3392522
5 3395935
5 3399348
5 3402761
5 3406174
5 3409587
1 3409587
