800
5 23413
5 46826
5 70239
5 93652
5 117065
5 140478
5 163891
5 187304
5 210717
5 234130
5 257543
5 280956
5 304369
5 327782
5 351195
5 374608
5 398021
5 421434
5 444847
5 468260
5 491673
5 515086
5 538499
5 561912
5 585325
5 608738
5 632151
5 655564
5 678977
5 702390
5 725803
5 749216
5 772629
5 796042
5 819455
5 842868
5 866281
5 889694
5 913107
5 936520
5 959933
5 983346
5 1006759
5 1030172
5 1053585
5 1076998
5 1100411
5 1123824
5 1147237
5 1170650
5 1194063
5 1217476
5 1240889
5 1264302
5 1287715
5 1311128
5 1334541
5 1357954
5 1381367
5 1404780
5 1428193
5 1451606
5 1475019
5 1498432
5 1521845
5 1545258
5 1568671
5 1592084
5 1615497
5 1638910
5 1662323
5 1685736
5 1709149
5 1732562
5 1755975
5 1779388
5 1802801
5 1826214
5 1849627
5 1873040
5 1896453
5 1919866
5 1943279
5 1966692
5 1990105
5 2013518
5 2036931
5 2060344
5 2083757
5 2107170
5 2130583
5 2153996
5 2177409
5 2200822
5 2224235
5 2247648
5 2271061
5 2294474
5 2317887
5 2341300
5 2364713
5 2388126
5 2411539
5 2434952
5 2458365
5 2481778
5 2505191
5 2528604
5 2552017
5 2575430
5 2598843
5 2622256
5 2645669
5 2669082
5 2692495
5 2715908
5 2739321
5 2762734
5 2786147
5 2809560
5 2832973
5 2856386
5 2879799
5 2903212
5 2926625
5 2950038
5 2973451
5 2996864
5 3020277
5 3043690
5 3067103
5 3090516
5 3113929
5 3137342
5 3160755
5 3184168
5 3207581
5 3230994
5 3254407
5 3277820
5 3301233
5 3324646
5 3348059
5 3371472
5 3394885
5 3418298
5 3441711
5 3465124
5 3488537
5 3511950
5 3535363
5 3558776
5 3582189
5 3605602
5 3629015
5 3652428
5 3675841
5 3699254
5 3722667
5 3746080
5 3769493
5 3792906
5 3816319
5 3839732
5 3863145
5 3886558
5 3909971
5 3933384
5 3956797
5 3980210
5 4003623
5 4027036
5 4050449
5 4073862
5 4097275
5 4120688
5 4144101
5 4167514
5 4190927
5 4214340
5 4237753
5 4261166
5 4284579
5 4307992
5 4331405
5 4354818
5 4378231
5 4401644
5 4425057
5 4448470
5 4471883
5 4495296
5 4518709
5 4542122
5 4565535
5 4588948
5 4612361
5 4635774
5 4659187
5 4682600
4 23413
4 46826
4 70239
4 93652
4 117065
4 140478
4 163891
4 187304
4 210717
4 234130
4 257543
4 280956
4 304369
4 327782
4 351195
4 374608
4 398021
4 421434
4 444847
4 468260
4 491673
4 515086
4 538499
4 561912
4 585325
4 608738
4 632151
4 655564
4 678977
4 702390
4 725803
4 749216
4 772629
4 796042
4 819455
4 842868
4 866281
4 889694
4 913107
4 936520
4 959933
4 983346
4 1006759
4 1030172
4 1053585
4 1076998
4 1100411
4 1123824
4 1147237
4 1170650
4 1194063
4 1217476
4 1240889
4 1264302
4 1287715
4 1311128
4 1334541
4 1357954
4 1381367
4 1404780
4 1428193
4 1451606
4 1475019
4 1498432
4 1521845
4 1545258
4 1568671
4 1592084
4 1615497
4 1638910
4 1662323
4 1685736
4 1709149
4 1732562
4 1755975
4 1779388
4 1802801
4 1826214
4 1849627
4 1873040
4 1896453
4 1919866
4 1943279
4 1966692
4 1990105
4 2013518
4 2036931
4 2060344
4 2083757
4 2107170
4 2130583
4 2153996
4 2177409
4 2200822
4 2224235
4 2247648
4 2271061
4 2294474
4 2317887
4 2341300
4 2364713
4 2388126
4 2411539
4 2434952
4 2458365
4 2481778
4 2505191
4 2528604
4 2552017
4 2575430
4 2598843
4 2622256
4 2645669
4 2669082
4 2692495
4 2715908
4 2739321
4 2762734
4 2786147
4 2809560
4 2832973
4 2856386
4 2879799
4 2903212
4 2926625
4 2950038
4 2973451
4 2996864
4 3020277
4 3043690
4 3067103
4 3090516
4 3113929
4 3137342
4 3160755
4 3184168
4 3207581
4 3230994
4 3254407
4 3277820
4 3301233
4 3324646
4 3348059
4 3371472
4 3394885
4 3418298
4 3441711
4 3465124
4 3488537
4 3511950
4 3535363
4 3558776
4 3582189
4 3605602
4 3629015
4 3652428
4 3675841
4 3699254
4 3722667
4 3746080
4 3769493
4 3792906
4 3816319
4 3839732
4 3863145
4 3886558
4 3909971
4 3933384
4 3956797
4 3980210
4 4003623
4 4027036
4 4050449
4 4073862
4 4097275
4 4120688
4 4144101
4 4167514
4 4190927
4 4214340
4 4237753
4 4261166
4 4284579
4 4307992
4 4331405
4 4354818
4 4378231
4 4401644
4 4425057
4 4448470
4 4471883
4 4495296
4 4518709
4 4542122
4 4565535
4 4588948
4 4612361
4 4635774
4 4659187
4 4682600
3 23413
3 46826
3 70239
3 93652
3 117065
3 140478
3 163891
3 187304
3 210717
3 234130
3 257543
3 280956
3 304369
3 327782
3 351195
3 374608
3 398021
3 421434
3 444847
3 468260
3 491673
3 515086
3 538499
3 561912
3 585325
3 608738
3 632151
3 655564
3 678977
3 702390
3 725803
3 749216
3 772629
3 796042
3 819455
3 842868
3 866281
3 889694
3 913107
3 936520
3 959933
3 983346
3 1006759
3 1030172
3 1053585
3 1076998
3 1100411
3 1123824
3 1147237
3 1170650
3 1194063
3 1217476
3 1240889
3 1264302
3 1287715
3 1311128
3 1334541
3 1357954
3 1381367
3 1404780
3 1428193
3 1451606
3 1475019
3 1498432
3 1521845
3 1545258
3 1568671
3 1592084
3 1615497
3 1638910
3 1662323
3 1685736
3 1709149
3 1732562
3 1755975
3 1779388
3 1802801
3 1826214
3 1849627
3 1873040
3 1896453
3 1919866
3 1943279
3 1966692
3 1990105
3 2013518
3 2036931
3 2060344
3 2083757
3 2107170
3 2130583
3 2153996
3 2177409
3 2200822
3 2224235
3 2247648
3 2271061
3 2294474
3 2317887
3 2341300
3 2364713
3 2388126
3 2411539
3 2434952
3 2458365
3 2481778
3 2505191
3 2528604
3 2552017
3 2575430
3 2598843
3 2622256
3 2645669
3 2669082
3 2692495
3 2715908
3 2739321
3 2762734
3 2786147
3 2809560
3 2832973
3 2856386
3 2879799
3 2903212
3 2926625
3 2950038
3 2973451
3 2996864
3 3020277
3 3043690
3 3067103
3 3090516
3 3113929
3 3137342
3 3160755
3 3184168
3 3207581
3 3230994
3 3254407
3 3277820
3 3301233
3 3324646
3 3348059
3 3371472
3 3394885
3 3418298
3 3441711
3 3465124
3 3488537
3 3511950
3 3535363
3 3558776
3 3582189
3 3605602
3 3629015
3 3652428
3 3675841
3 3699254
3 3722667
3 3746080
3 3769493
3 3792906
3 3816319
3 3839732
3 3863145
3 3886558
3 3909971
3 3933384
3 3956797
3 3980210
3 4003623
3 4027036
3 4050449
3 4073862
3 4097275
3 4120688
3 4144101
3 4167514
3 4190927
3 4214340
3 4237753
3 4261166
3 4284579
3 4307992
3 4331405
3 4354818
3 4378231
3 4401644
3 4425057
3 4448470
3 4471883
3 4495296
3 4518709
3 4542122
3 4565535
3 4588948
3 4612361
3 4635774
3 4659187
3 4682600
1 23413
1 46826
1 70239
1 93652
1 117065
1 140478
1 163891
1 187304
1 210717
1 234130
1 257543
1 280956
1 304369
1 327782
1 351195
1 374608
1 398021
1 421434
1 444847
1 468260
1 491673
1 515086
1 538499
1 561912
1 585325
1 608738
1 632151
1 655564
1 678977
1 702390
1 725803
1 749216
1 772629
1 796042
1 819455
1 842868
1 866281
1 889694
1 913107
1 936520
1 959933
1 983346
1 1006759
1 1030172
1 1053585
1 1076998
1 1100411
1 1123824
1 1147237
1 1170650
1 1194063
1 1217476
1 1240889
1 1264302
1 1287715
1 1311128
1 1334541
1 1357954
1 1381367
1 1404780
1 1428193
1 1451606
1 1475019
1 1498432
1 1521845
1 1545258
1 1568671
1 1592084
1 1615497
1 1638910
1 1662323
1 1685736
1 1709149
1 1732562
1 1755975
1 1779388
1 1802801
1 1826214
1 1849627
1 1873040
1 1896453
1 1919866
1 1943279
1 1966692
1 1990105
1 2013518
1 2036931
1 2060344
1 2083757
1 2107170
1 2130583
1 2153996
1 2177409
1 2200822
1 2224235
1 2247648
1 2271061
1 2294474
1 2317887
1 2341300
