550
5 23413
5 46826
5 70239
5 93652
5 117065
5 140478
5 163891
5 187304
5 210717
5 234130
5 257543
5 280956
5 304369
5 327782
5 351195
5 374608
5 398021
5 421434
5 444847
5 468260
5 491673
5 515086
5 538499
5 561912
5 585325
5 608738
5 632151
5 655564
5 678977
5 702390
5 725803
5 749216
5 772629
5 796042
5 819455
5 842868
5 866281
5 889694
5 913107
5 936520
5 959933
5 983346
5 1006759
5 1030172
5 1053585
5 1076998
5 1100411
5 1123824
5 1147237
5 1170650
5 1194063
5 1217476
5 1240889
5 1264302
5 1287715
5 1311128
5 1334541
5 1357954
5 1381367
5 1404780
5 1428193
5 1451606
5 1475019
5 1498432
5 1521845
5 1545258
5 1568671
5 1592084
5 1615497
5 1638910
5 1662323
5 1685736
5 1709149
5 1732562
5 1755975
5 1779388
5 1802801
5 1826214
5 1849627
5 1873040
5 1896453
5 1919866
5 1943279
5 1966692
5 1990105
5 2013518
5 2036931
5 2060344
5 2083757
5 2107170
5 2130583
5 2153996
5 2177409
5 2200822
5 2224235
5 2247648
5 2271061
5 2294474
5 2317887
5 2341300
5 2364713
5 2388126
5 2411539
5 2434952
5 2458365
5 2481778
5 2505191
5 2528604
5 2552017
5 2575430
5 2598843
5 2622256
5 2645669
5 2669082
5 2692495
5 2715908
5 2739321
5 2762734
5 2786147
5 2809560
5 2832973
5 2856386
5 2879799
5 2903212
5 2926625
5 2950038
5 2973451
5 2996864
5 3020277
5 3043690
5 3067103
5 3090516
5 3113929
5 3137342
5 3160755
5 3184168
5 3207581
5 3230994
5 3254407
5 3277820
5 3301233
5 3324646
5 3348059
5 3371472
5 3394885
5 3418298
5 3441711
5 3465124
5 3488537
5 3511950
5 3535363
5 3558776
5 3582189
5 3605602
5 3629015
5 3652428
5 3675841
5 3699254
5 3722667
5 3746080
5 3769493
5 3792906
5 3816319
5 3839732
5 3863145
5 3886558
5 3909971
5 3933384
5 3956797
5 3980210
5 4003623
5 4027036
5 4050449
5 4073862
5 4097275
5 4120688
5 4144101
5 4167514
5 4190927
5 4214340
5 4237753
5 4261166
5 4284579
5 4307992
5 4331405
5 4354818
5 4378231
5 4401644
5 4425057
5 4448470
5 4471883
5 4495296
5 4518709
5 4542122
5 4565535
5 4588948
5 4612361
5 4635774
5 4659187
5 4682600
4 23413
4 46826
4 70239
4 93652
4 117065
4 140478
4 163891
4 187304
4 210717
4 234130
4 257543
4 280956
4 304369
4 327782
4 351195
4 374608
4 398021
4 421434
4 444847
4 468260
4 491673
4 515086
4 538499
4 561912
4 585325
4 608738
4 632151
4 655564
4 678977
4 702390
4 725803
4 749216
4 772629
4 796042
4 819455
4 842868
4 866281
4 889694
4 913107
4 936520
4 959933
4 983346
4 1006759
4 1030172
4 1053585
4 1076998
4 1100411
4 1123824
4 1147237
4 1170650
4 1194063
4 1217476
4 1240889
4 1264302
4 1287715
4 1311128
4 1334541
4 1357954
4 1381367
4 1404780
4 1428193
4 1451606
4 1475019
4 1498432
4 1521845
4 1545258
4 1568671
4 1592084
4 1615497
4 1638910
4 1662323
4 1685736
4 1709149
4 1732562
4 1755975
4 1779388
4 1802801
4 1826214
4 1849627
4 1873040
4 1896453
4 1919866
4 1943279
4 1966692
4 1990105
4 2013518
4 2036931
4 2060344
4 2083757
4 2107170
4 2130583
4 2153996
4 2177409
4 2200822
4 2224235
4 2247648
4 2271061
4 2294474
4 2317887
4 2341300
3 23413
3 46826
3 70239
3 93652
3 117065
3 140478
3 163891
3 187304
3 210717
3 234130
3 257543
3 280956
3 304369
3 327782
3 351195
3 374608
3 398021
3 421434
3 444847
3 468260
3 491673
3 515086
3 538499
3 561912
3 585325
3 608738
3 632151
3 655564
3 678977
3 702390
3 725803
3 749216
3 772629
3 796042
3 819455
3 842868
3 866281
3 889694
3 913107
3 936520
3 959933
3 983346
3 1006759
3 1030172
3 1053585
3 1076998
3 1100411
3 1123824
3 1147237
3 1170650
1 23413
1 46826
1 70239
1 93652
1 117065
1 140478
1 163891
1 187304
1 210717
1 234130
1 257543
1 280956
1 304369
1 327782
1 351195
1 374608
1 398021
1 421434
1 444847
1 468260
1 491673
1 515086
1 538499
1 561912
1 585325
1 608738
1 632151
1 655564
1 678977
1 702390
1 725803
1 749216
1 772629
1 796042
1 819455
1 842868
1 866281
1 889694
1 913107
1 936520
1 959933
1 983346
1 1006759
1 1030172
1 1053585
1 1076998
1 1100411
1 1123824
1 1147237
1 1170650
1 1194063
1 1217476
1 1240889
1 1264302
1 1287715
1 1311128
1 1334541
1 1357954
1 1381367
1 1404780
1 1428193
1 1451606
1 1475019
1 1498432
1 1521845
1 1545258
1 1568671
1 1592084
1 1615497
1 1638910
1 1662323
1 1685736
1 1709149
1 1732562
1 1755975
1 1779388
1 1802801
1 1826214
1 1849627
1 1873040
1 1896453
1 1919866
1 1943279
1 1966692
1 1990105
1 2013518
1 2036931
1 2060344
1 2083757
1 2107170
1 2130583
1 2153996
1 2177409
1 2200822
1 2224235
1 2247648
1 2271061
1 2294474
1 2317887
1 2341300
1 2364713
1 2388126
1 2411539
1 2434952
1 2458365
1 2481778
1 2505191
1 2528604
1 2552017
1 2575430
1 2598843
1 2622256
1 2645669
1 2669082
1 2692495
1 2715908
1 2739321
1 2762734
1 2786147
1 2809560
1 2832973
1 2856386
1 2879799
1 2903212
1 2926625
1 2950038
1 2973451
1 2996864
1 3020277
1 3043690
1 3067103
1 3090516
1 3113929
1 3137342
1 3160755
1 3184168
1 3207581
1 3230994
1 3254407
1 3277820
1 3301233
1 3324646
1 3348059
1 3371472
1 3394885
1 3418298
1 3441711
1 3465124
1 3488537
1 3511950
1 3535363
1 3558776
1 3582189
1 3605602
1 3629015
1 3652428
1 3675841
1 3699254
1 3722667
1 3746080
1 3769493
1 3792906
1 3816319
1 3839732
1 3863145
1 3886558
1 3909971
1 3933384
1 3956797
1 3980210
1 4003623
1 4027036
1 4050449
1 4073862
1 4097275
1 4120688
1 4144101
1 4167514
1 4190927
1 4214340
1 4237753
1 4261166
1 4284579
1 4307992
1 4331405
1 4354818
1 4378231
1 4401644
1 4425057
1 4448470
1 4471883
1 4495296
1 4518709
1 4542122
1 4565535
1 4588948
1 4612361
1 4635774
1 4659187
1 4682600
