264
73.748925 1
93.137328 1
59.658543 1
75.085524 1
38.053504 2
13.671643 7
49.357986 2
42.550086 1
96.805502 1
15.951125 6
94.467469 1
34.510795 1
7.393932 13
17.542636 5
75.601897 1
51.380884 1
14.127670 7
27.157691 3
6.258743 15
67.187668 1
20.131524 4
68.934072 1
30.900859 3
64.057627 1
44.234737 2
34.448322 1
76.921293 1
42.205056 2
71.150248 1
21.861850 4
29.459152 3
98.454382 1
97.221647 1
87.024993 1
25.279206 3
11.410750 8
47.333101 2
57.202188 1
52.988119 1
77.172045 1
20.447592 1
19.904474 5
65.692238 1
89.444429 1
12.907072 7
4.707971 1
86.671536 1
82.553184 1
4.366044 22
5.227477 19
42.588087 2
22.082897 4
22.267100 4
2.986532 33
33.085001 3
53.941611 1
21.646246 4
17.428128 5
72.767401 1
87.959786 1
17.724861 5
37.744112 1
69.275308 1
25.998978 3
19.092608 5
30.641144 1
1.801837 55
9.979877 1
11.301727 8
38.314601 2
53.201086 1
38.708897 2
75.064614 1
62.750676 1
92.118089 1
24.002239 4
46.954501 2
19.119355 5
97.337243 1
29.188734 1
67.311330 1
60.996318 1
5.129497 19
79.817009 1
51.272806 1
27.176211 3
95.449066 1
66.762210 1
77.886540 1
70.222392 1
63.741955 1
83.666406 1
93.270594 1
5.611761 17
79.001973 1
72.816906 1
80.082047 1
70.595476 1
21.345484 4
29.387001 3
88.902879 1
96.236086 1
22.474423 4
5.620097 1
42.458898 2
95.600780 1
84.295667 1
20.148894 4
60.251566 1
73.346047 1
33.940990 1
24.805856 1
20.347708 4
3.705443 26
18.691485 5
48.708350 2
37.830991 2
44.791180 2
78.641800 1
31.255309 1
7.123972 1
45.664918 2
52.373769 1
94.388978 1
85.684524 1
76.803598 1
92.351806 1
8.051162 12
55.676614 1
66.269654 1
14.531854 1
23.008324 4
40.244194 2
77.680269 1
92.788701 1
64.760213 1
36.605912 2
40.518887 1
83.515558 1
68.419127 1
24.506696 4
21.356915 4
77.514926 1
42.712632 2
75.508152 1
89.304528 1
16.144411 6
83.481243 1
58.721625 1
32.353811 3
91.275836 1
28.415654 3
3.668645 27
21.889342 1
58.157872 1
98.292262 1
50.602963 1
59.804587 1
7.709847 12
72.344434 1
83.203559 1
10.768103 9
32.058054 3
54.571838 1
32.706430 1
60.014991 1
38.077936 1
23.141322 4
32.858782 3
3.288287 30
41.098951 2
68.697927 1
54.624981 1
36.140028 2
94.080113 1
46.238454 2
10.840040 1
14.988969 6
12.235273 1
19.170204 1
99.730547 1
82.510336 1
52.505013 1
25.276614 3
96.744114 1
28.067173 3
82.462388 1
53.721372 1
93.046661 1
5.717191 17
35.600001 1
76.221738 1
95.696329 1
93.464317 1
69.245682 1
49.313435 1
77.911025 1
85.681123 1
99.130805 1
27.442310 1
18.692278 1
31.821657 3
23.431793 1
64.046849 1
36.124620 1
59.372746 1
3.939274 25
39.085022 2
66.894370 1
92.662888 1
27.469961 3
73.166009 1
32.526960 3
47.762240 2
22.227890 1
92.768691 1
90.332364 1
87.257725 1
57.217940 1
90.479477 1
11.082282 9
99.971539 1
14.263551 7
50.020433 1
12.618728 7
15.916549 6
46.484117 1
78.043794 1
44.096066 2
79.845764 1
25.897138 3
4.475407 22
8.433300 1
85.006096 1
91.422531 1
90.990106 1
97.707825 1
41.131807 2
1.103619 90
99.418767 1
56.575327 1
62.569589 1
25.372923 1
20.766603 4
93.620740 1
60.779640 1
12.408005 8
81.461812 1
47.826777 2
6.301152 15
49.025214 2
41.760443 2
27.918660 3
23.178465 4
99.138811 1
13.318631 1
10.120031 9
85.176843 1
72.873045 1
72.396110 1
27.541679 3
72.208305 1
15.623196 6
36.193278 2
